1 2 12 0 0 18 0 33 0 44 0 52 0 0 1 10 1 18 1 26 1 36 1 40 1 57 1
2 2 12 0 0 18 0 33 0 45 0 53 0 0 1 10 1 18 1 26 1 36 1 40 1 57 1
3 2 12 0 0 18 0 33 0 44 0 52 0 0 1 10 1 18 1 26 1 36 1 40 1 57 1
4 2 12 0 0 18 0 33 0 45 0 53 0 0 1 10 1 18 1 26 1 36 1 40 1 57 1
5 2 12 0 0 18 0 33 0 44 0 52 0 0 1 10 1 18 1 26 1 32 1 36 1 91 1
6 2 12 0 0 18 0 33 0 45 0 53 0 0 1 10 1 18 1 26 1 32 1 36 1 91 1
7 2 12 0 0 18 0 33 0 44 0 52 0 0 1 10 1 18 1 26 1 32 1 36 1 91 1
8 2 12 0 0 18 0 33 0 45 0 53 0 0 1 10 1 18 1 26 1 32 1 36 1 91 1
1 3 12 0 0 9 0 22 0 32 0 42 0 0 1 12 1 18 1 26 1 32 1 36 1 61 1
2 3 12 0 0 9 0 22 0 33 0 43 0 0 1 12 1 18 1 26 1 32 1 36 1 61 1
3 3 12 0 0 9 0 22 0 32 0 42 0 0 1 12 1 18 1 26 1 32 1 36 1 61 1
4 3 12 0 0 9 0 22 0 33 0 43 0 0 1 12 1 18 1 26 1 32 1 36 1 61 1
5 3 12 0 0 9 0 22 0 32 0 42 0 0 1 12 1 18 1 28 1 34 1 39 1 67 1
6 3 12 0 0 9 0 22 0 33 0 43 0 0 1 12 1 18 1 28 1 34 1 39 1 67 1
7 3 12 0 0 9 0 22 0 32 0 42 0 0 1 12 1 18 1 27 1 33 1 38 1 66 1
8 3 12 0 0 9 0 22 0 33 0 43 0 0 1 12 1 18 1 27 1 33 1 38 1 66 1
1 4 12 0 0 24 0 39 0 49 0 56 0 0 1 13 1 19 1 25 1 41 1 49 1 56 1
2 4 12 0 0 24 0 39 0 48 0 55 0 0 1 13 1 19 1 25 1 41 1 49 1 56 1
3 4 12 0 0 24 0 39 0 49 0 56 0 0 1 13 1 19 1 25 1 41 1 49 1 56 1
4 4 12 0 0 24 0 39 0 48 0 55 0 0 1 13 1 19 1 25 1 41 1 49 1 56 1
5 4 12 0 0 24 0 39 0 49 0 56 0 0 1 13 1 19 1 25 1 31 1 42 1 66 1
6 4 12 0 0 24 0 39 0 48 0 55 0 0 1 13 1 19 1 25 1 31 1 42 1 66 1
7 4 12 0 0 24 0 39 0 49 0 56 0 0 1 13 1 19 1 25 1 31 1 42 1 66 1
8 4 12 0 0 24 0 39 0 48 0 55 0 0 1 13 1 19 1 25 1 31 1 42 1 66 1
1 5 12 0 0 11 0 22 0 35 0 43 0 0 1 10 1 18 1 25 1 31 1 34 1 45 1
2 5 12 0 0 11 0 22 0 32 0 44 0 0 1 10 1 18 1 25 1 31 1 34 1 45 1
3 5 12 0 0 11 0 22 0 35 0 47 0 0 1 10 1 18 1 25 1 31 1 34 1 45 1
4 5 12 0 0 11 0 22 0 32 0 44 0 0 1 10 1 18 1 25 1 31 1 34 1 45 1
5 5 12 0 0 11 0 22 0 35 0 44 0 0 1 10 1 18 1 25 1 34 1 40 1 65 1
6 5 12 0 0 11 0 22 0 32 0 41 0 0 1 10 1 18 1 25 1 34 1 40 1 65 1
7 5 12 0 0 11 0 22 0 35 0 44 0 0 1 10 1 18 1 25 1 34 1 40 1 65 1
8 5 12 0 0 11 0 22 0 32 0 41 0 0 1 10 1 18 1 25 1 34 1 40 1 65 1
1 6 12 0 0 15 0 27 0 37 0 45 0 0 1 15 1 23 1 28 1 39 1 42 1 57 1
2 6 12 0 0 15 0 27 0 35 0 43 0 0 1 15 1 23 1 28 1 39 1 42 1 57 1
3 6 12 0 0 15 0 27 0 37 0 45 0 0 1 15 1 23 1 28 1 39 1 42 1 57 1
4 6 12 0 0 15 0 27 0 35 0 43 0 0 1 15 1 23 1 28 1 39 1 42 1 57 1
5 6 12 0 0 15 0 27 0 37 0 45 0 0 1 15 1 23 1 36 1 45 1 55 1 81 1
6 6 12 0 0 15 0 27 0 35 0 43 0 0 1 15 1 23 1 36 1 45 1 55 1 81 1
7 6 12 0 0 15 0 27 0 37 0 45 0 0 1 15 1 23 1 36 1 45 1 55 1 81 1
8 6 12 0 0 15 0 27 0 35 0 43 0 0 1 15 1 23 1 36 1 45 1 55 1 81 1
1 7 12 0 0 15 0 28 0 37 0 49 0 0 1 24 1 28 1 36 1 41 1 45 1 83 1
2 7 12 0 0 15 0 28 0 37 0 49 0 0 1 24 1 28 1 36 1 41 1 45 1 83 1
3 7 12 0 0 15 0 28 0 37 0 49 0 0 1 24 1 28 1 36 1 41 1 45 1 83 1
4 7 12 0 0 15 0 28 0 37 0 49 0 0 1 24 1 28 1 36 1 41 1 45 1 83 1
5 7 12 0 0 15 0 27 0 36 0 44 0 0 1 10 1 17 1 23 1 30 1 37 1 68 1
6 7 12 0 0 15 0 27 0 34 0 42 0 0 1 10 1 17 1 23 1 30 1 37 1 68 1
7 7 12 0 0 15 0 27 0 36 0 44 0 0 1 10 1 17 1 23 1 30 1 37 1 68 1
8 7 12 0 0 15 0 27 0 34 0 42 0 0 1 10 1 17 1 23 1 30 1 37 1 68 1
1 8 12 0 0 10 0 22 0 30 0 37 0 0 1 12 1 22 1 30 1 42 1 46 1 53 1
2 8 12 0 0 10 0 22 0 29 0 36 0 0 1 12 1 22 1 30 1 42 1 46 1 53 1
3 8 12 0 0 10 0 22 0 30 0 37 0 0 1 12 1 22 1 30 1 42 1 46 1 53 1
4 8 12 0 0 10 0 22 0 29 0 36 0 0 1 12 1 22 1 30 1 42 1 46 1 53 1
5 8 12 0 0 18 0 33 0 41 0 49 0 0 1 13 1 21 1 29 1 40 1 46 1 67 1
6 8 12 0 0 18 0 33 0 40 0 48 0 0 1 13 1 21 1 29 1 40 1 46 1 67 1
7 8 12 0 0 18 0 33 0 41 0 49 0 0 1 13 1 21 1 29 1 40 1 46 1 67 1
8 8 12 0 0 18 0 33 0 40 0 48 0 0 1 13 1 21 1 29 1 40 1 46 1 67 1
1 9 12 0 0 17 0 34 0 43 0 50 0 0 1 15 1 21 1 32 1 39 1 45 1 87 1
2 9 12 0 0 17 0 34 0 42 0 49 0 0 1 15 1 21 1 32 1 39 1 45 1 87 1
3 9 12 0 0 17 0 34 0 43 0 50 0 0 1 15 1 21 1 32 1 39 1 45 1 87 1
4 9 12 0 0 17 0 34 0 42 0 49 0 0 1 15 1 21 1 32 1 39 1 45 1 87 1
5 9 12 0 0 17 0 34 0 43 0 50 0 0 1 11 1 20 1 28 1 36 1 40 1 56 1
6 9 12 0 0 17 0 34 0 42 0 49 0 0 1 11 1 20 1 28 1 36 1 40 1 56 1
7 9 12 0 0 17 0 34 0 43 0 50 0 0 1 11 1 20 1 28 1 36 1 40 1 56 1
8 9 12 0 0 17 0 34 0 42 0 49 0 0 1 11 1 20 1 28 1 36 1 40 1 56 1
1 10 12 0 0 14 0 30 0 39 0 47 0 0 1 12 1 20 1 28 1 39 1 41 1 74 1
2 10 12 0 0 14 0 30 0 40 0 48 0 0 1 12 1 20 1 28 1 39 1 41 1 74 1
3 10 12 0 0 14 0 30 0 39 0 47 0 0 1 12 1 20 1 28 1 39 1 41 1 74 1
4 10 12 0 0 14 0 30 0 40 0 48 0 0 1 12 1 20 1 28 1 39 1 41 1 74 1
5 10 12 0 0 14 0 30 0 39 0 47 0 0 1 12 1 20 1 30 1 41 1 43 1 76 1
6 10 12 0 0 14 0 30 0 40 0 48 0 0 1 12 1 20 1 30 1 41 1 43 1 76 1
7 10 12 0 0 14 0 30 0 39 0 47 0 0 1 12 1 20 1 30 1 41 1 43 1 76 1
8 10 12 0 0 14 0 30 0 40 0 48 0 0 1 12 1 20 1 30 1 41 1 43 1 76 1
1 11 12 0 0 16 0 29 0 38 0 46 0 0 1 10 1 18 1 24 1 30 1 33 1 54 1
2 11 12 0 0 16 0 29 0 38 0 46 0 0 1 10 1 18 1 24 1 30 1 33 1 54 1
3 11 12 0 0 16 0 29 0 38 0 42 0 0 1 10 1 18 1 24 1 30 1 33 1 54 1
4 11 12 0 0 16 0 29 0 38 0 46 0 0 1 10 1 18 1 24 1 30 1 33 1 54 1
5 11 12 0 0 16 0 29 0 38 0 46 0 0 1 10 1 18 1 28 1 34 1 37 1 55 1
6 11 12 0 0 16 0 29 0 38 0 46 0 0 1 10 1 18 1 28 1 34 1 37 1 55 1
7 11 12 0 0 16 0 29 0 38 0 46 0 0 1 10 1 18 1 28 1 34 1 37 1 55 1
8 11 12 0 0 16 0 29 0 38 0 46 0 0 1 10 1 18 1 28 1 34 1 37 1 55 1
1 12 12 0 0 13 0 28 0 38 0 49 0 0 1 19 1 23 1 34 1 42 1 45 1 85 1
2 12 12 0 0 13 0 28 0 38 0 49 0 0 1 19 1 23 1 34 1 42 1 45 1 85 1
3 12 12 0 0 13 0 28 0 38 0 49 0 0 1 19 1 23 1 34 1 42 1 45 1 85 1
4 12 12 0 0 13 0 28 0 38 0 49 0 0 1 19 1 23 1 34 1 42 1 45 1 85 1
5 12 12 0 0 13 0 28 0 38 0 49 0 0 1 9 1 17 1 21 1 36 1 40 1 58 1
6 12 12 0 0 13 0 28 0 38 0 49 0 0 1 9 1 17 1 21 1 36 1 40 1 58 1
7 12 12 0 0 13 0 28 0 38 0 49 0 0 1 9 1 17 1 21 1 36 1 40 1 58 1
8 12 12 0 0 13 0 28 0 38 0 49 0 0 1 9 1 17 1 21 1 36 1 40 1 58 1
1 13 12 0 0 10 0 25 0 33 0 41 0 0 1 10 1 18 1 23 1 32 1 35 1 59 1
2 13 12 0 0 10 0 25 0 32 0 40 0 0 1 10 1 18 1 23 1 32 1 35 1 59 1
3 13 12 0 0 10 0 25 0 33 0 41 0 0 1 10 1 18 1 23 1 32 1 35 1 59 1
4 13 12 0 0 10 0 25 0 32 0 40 0 0 1 10 1 18 1 23 1 32 1 35 1 59 1
5 13 12 0 0 10 0 23 0 31 0 37 0 0 1 13 1 21 1 27 1 34 1 39 1 68 1
6 13 12 0 0 10 0 23 0 30 0 36 0 0 1 13 1 21 1 27 1 34 1 39 1 68 1
7 13 12 0 0 10 0 23 0 31 0 37 0 0 1 13 1 21 1 27 1 34 1 39 1 68 1
8 13 12 0 0 10 0 23 0 30 0 36 0 0 1 13 1 21 1 27 1 34 1 39 1 68 1
1 14 12 0 0 23 0 33 0 41 0 53 0 0 1 14 1 22 1 30 1 36 1 44 1 61 1
2 14 12 0 0 23 0 33 0 40 0 52 0 0 1 14 1 22 1 30 1 36 1 44 1 61 1
3 14 12 0 0 23 0 33 0 41 0 53 0 0 1 14 1 22 1 30 1 36 1 44 1 61 1
4 14 12 0 0 23 0 33 0 40 0 52 0 0 1 14 1 22 1 30 1 36 1 44 1 61 1
5 14 12 0 0 23 0 33 0 41 0 53 0 0 1 14 1 21 1 29 1 38 1 45 1 62 1
6 14 12 0 0 23 0 33 0 40 0 52 0 0 1 14 1 21 1 29 1 38 1 45 1 62 1
7 14 12 0 0 23 0 33 0 41 0 53 0 0 1 14 1 21 1 29 1 38 1 45 1 62 1
8 14 12 0 0 23 0 33 0 40 0 52 0 0 1 14 1 21 1 29 1 38 1 45 1 62 1
1 15 12 0 0 12 0 23 0 30 0 38 0 0 1 11 1 15 1 21 1 28 1 32 1 77 1
2 15 12 0 0 12 0 23 0 30 0 38 0 0 1 11 1 15 1 21 1 28 1 32 1 77 1
3 15 12 0 0 12 0 23 0 30 0 38 0 0 1 11 1 15 1 21 1 28 1 32 1 77 1
4 15 12 0 0 12 0 23 0 30 0 38 0 0 1 11 1 15 1 21 1 28 1 32 1 77 1
5 15 12 0 0 12 0 23 0 30 0 38 0 0 1 11 1 15 1 21 1 28 1 32 1 77 1
6 15 12 0 0 12 0 23 0 30 0 38 0 0 1 11 1 15 1 21 1 28 1 32 1 77 1
7 15 12 0 0 12 0 23 0 30 0 38 0 0 1 11 1 15 1 21 1 28 1 32 1 77 1
8 15 12 0 0 12 0 23 0 30 0 38 0 0 1 11 1 15 1 21 1 28 1 32 1 77 1
1 16 12 0 0 9 0 21 0 29 0 38 0 0 1 29 1 35 1 41 1 49 1 52 1 75 1
2 16 12 0 0 9 0 21 0 27 0 36 0 0 1 29 1 35 1 41 1 49 1 52 1 75 1
3 16 12 0 0 9 0 21 0 29 0 38 0 0 1 29 1 35 1 41 1 49 1 52 1 75 1
4 16 12 0 0 9 0 21 0 27 0 36 0 0 1 29 1 35 1 41 1 49 1 52 1 75 1
5 16 12 0 0 13 0 27 0 35 0 41 0 0 1 13 1 21 1 29 1 37 1 43 1 67 1
6 16 12 0 0 13 0 27 0 33 0 39 0 0 1 13 1 21 1 29 1 37 1 43 1 67 1
7 16 12 0 0 13 0 27 0 35 0 41 0 0 1 13 1 21 1 29 1 37 1 43 1 67 1
8 16 12 0 0 13 0 27 0 33 0 39 0 0 1 13 1 21 1 29 1 37 1 43 1 67 1
1 17 12 0 0 14 0 30 0 36 0 42 0 0 1 13 1 21 1 35 1 42 1 54 1 92 1
2 17 12 0 0 14 0 30 0 37 0 43 0 0 1 13 1 21 1 35 1 42 1 54 1 92 1
3 17 12 0 0 14 0 30 0 36 0 42 0 0 1 13 1 21 1 35 1 42 1 54 1 92 1
4 17 12 0 0 14 0 30 0 37 0 43 0 0 1 13 1 21 1 35 1 42 1 54 1 92 1
5 17 12 0 0 14 0 30 0 36 0 42 0 0 1 13 1 21 1 29 1 38 1 43 1 67 1
6 17 12 0 0 14 0 30 0 37 0 43 0 0 1 13 1 21 1 29 1 38 1 43 1 67 1
7 17 12 0 0 14 0 30 0 36 0 42 0 0 1 13 1 21 1 29 1 38 1 43 1 67 1
8 17 12 0 0 14 0 30 0 37 0 43 0 0 1 13 1 21 1 29 1 38 1 43 1 67 1
1 18 12 0 0 12 0 24 0 33 0 42 0 0 1 14 1 20 1 28 1 35 1 40 1 53 1
2 18 12 0 0 12 0 24 0 33 0 42 0 0 1 14 1 20 1 28 1 35 1 40 1 53 1
3 18 12 0 0 12 0 24 0 33 0 42 0 0 1 14 1 20 1 28 1 35 1 40 1 53 1
4 18 12 0 0 12 0 24 0 33 0 42 0 0 1 14 1 20 1 28 1 35 1 40 1 53 1
5 18 12 0 0 12 0 24 0 33 0 42 0 0 1 14 1 20 1 26 1 32 1 36 1 57 1
6 18 12 0 0 12 0 24 0 33 0 42 0 0 1 14 1 20 1 26 1 32 1 36 1 57 1
7 18 12 0 0 12 0 24 0 33 0 42 0 0 1 14 1 20 1 25 1 31 1 35 1 56 1
8 18 12 0 0 12 0 24 0 33 0 42 0 0 1 14 1 20 1 25 1 31 1 35 1 56 1
1 19 12 0 0 10 0 22 0 30 0 38 0 0 1 22 1 26 1 35 1 41 1 46 1 68 1
2 19 12 0 0 10 0 22 0 32 0 40 0 0 1 22 1 26 1 35 1 41 1 46 1 68 1
3 19 12 0 0 10 0 22 0 30 0 38 0 0 1 22 1 26 1 35 1 41 1 46 1 68 1
4 19 12 0 0 10 0 22 0 32 0 40 0 0 1 22 1 26 1 35 1 41 1 46 1 68 1
5 19 12 0 0 10 0 22 0 30 0 38 0 0 1 11 1 19 1 24 1 29 1 36 1 68 1
6 19 12 0 0 10 0 22 0 32 0 40 0 0 1 11 1 19 1 24 1 29 1 36 1 68 1
7 19 12 0 0 10 0 22 0 30 0 38 0 0 1 11 1 19 1 24 1 29 1 36 1 68 1
8 19 12 0 0 10 0 22 0 30 0 38 0 0 1 11 1 19 1 24 1 29 1 36 1 68 1
1 20 12 0 0 11 0 19 0 27 0 36 0 0 1 12 1 21 1 28 1 31 1 35 1 45 1
2 20 12 0 0 11 0 19 0 29 0 38 0 0 1 12 1 21 1 28 1 31 1 35 1 45 1
3 20 12 0 0 11 0 19 0 27 0 36 0 0 1 12 1 21 1 28 1 31 1 35 1 45 1
4 20 12 0 0 11 0 19 0 29 0 38 0 0 1 12 1 21 1 28 1 31 1 35 1 45 1
5 20 12 0 0 11 0 19 0 27 0 36 0 0 1 14 1 25 1 34 1 42 1 47 1 86 1
6 20 12 0 0 11 0 19 0 29 0 38 0 0 1 14 1 25 1 34 1 42 1 47 1 86 1
7 20 12 0 0 11 0 19 0 27 0 36 0 0 1 14 1 25 1 34 1 42 1 47 1 86 1
8 20 12 0 0 11 0 19 0 29 0 38 0 0 1 14 1 25 1 34 1 42 1 47 1 86 1
1 21 12 0 0 10 0 22 0 32 0 39 0 0 1 15 1 23 1 34 1 42 1 46 1 52 1
2 21 12 0 0 10 0 22 0 30 0 37 0 0 1 15 1 23 1 34 1 42 1 46 1 52 1
3 21 12 0 0 10 0 22 0 32 0 39 0 0 1 15 1 23 1 34 1 42 1 46 1 52 1
4 21 12 0 0 10 0 22 0 30 0 37 0 0 1 15 1 23 1 34 1 42 1 46 1 52 1
5 21 12 0 0 10 0 22 0 32 0 39 0 0 1 15 1 23 1 31 1 39 1 43 1 49 1
6 21 12 0 0 10 0 22 0 30 0 37 0 0 1 15 1 23 1 31 1 39 1 43 1 49 1
7 21 12 0 0 10 0 22 0 32 0 39 0 0 1 15 1 23 1 31 1 39 1 43 1 49 1
8 21 12 0 0 10 0 22 0 30 0 37 0 0 1 15 1 23 1 31 1 39 1 43 1 49 1
1 22 12 0 0 11 0 20 0 28 0 39 0 0 1 10 1 14 1 26 1 32 1 37 1 57 1
2 22 12 0 0 11 0 20 0 29 0 40 0 0 1 10 1 14 1 26 1 32 1 37 1 57 1
3 22 12 0 0 11 0 20 0 28 0 39 0 0 1 10 1 14 1 26 1 32 1 37 1 57 1
4 22 12 0 0 11 0 20 0 29 0 40 0 0 1 10 1 14 1 26 1 32 1 37 1 57 1
5 22 12 0 0 11 0 20 0 28 0 39 0 0 1 10 1 14 1 23 1 32 1 37 1 83 1
6 22 12 0 0 11 0 20 0 29 0 40 0 0 1 10 1 14 1 23 1 32 1 37 1 83 1
7 22 12 0 0 11 0 20 0 28 0 39 0 0 1 10 1 14 1 23 1 32 1 37 1 83 1
8 22 12 0 0 11 0 20 0 29 0 40 0 0 1 10 1 14 1 23 1 32 1 37 1 83 1
1 23 12 0 0 12 0 26 0 33 0 50 0 0 1 10 1 14 1 27 1 34 1 39 1 53 1
2 23 12 0 0 12 0 26 0 34 0 51 0 0 1 10 1 14 1 27 1 34 1 39 1 53 1
3 23 12 0 0 12 0 26 0 33 0 50 0 0 1 10 1 14 1 27 1 34 1 39 1 53 1
4 23 12 0 0 12 0 26 0 34 0 51 0 0 1 10 1 14 1 27 1 34 1 39 1 53 1
5 23 12 0 0 12 0 25 0 32 0 41 0 0 1 16 1 25 1 32 1 40 1 44 1 82 1
6 23 12 0 0 12 0 25 0 33 0 42 0 0 1 16 1 25 1 32 1 40 1 44 1 82 1
7 23 12 0 0 12 0 25 0 32 0 41 0 0 1 16 1 25 1 32 1 40 1 44 1 82 1
8 23 12 0 0 12 0 25 0 33 0 42 0 0 1 16 1 25 1 32 1 40 1 44 1 82 1
1 24 12 0 0 13 0 22 0 31 0 37 0 0 1 15 1 19 1 27 1 34 1 41 1 96 1
2 24 12 0 0 13 0 22 0 30 0 36 0 0 1 15 1 19 1 27 1 34 1 41 1 96 1
3 24 12 0 0 13 0 22 0 31 0 37 0 0 1 15 1 19 1 27 1 34 1 41 1 96 1
4 24 12 0 0 13 0 22 0 30 0 36 0 0 1 15 1 19 1 27 1 34 1 41 1 96 1
5 24 12 0 0 13 0 22 0 31 0 37 0 0 1 15 1 19 1 27 1 34 1 41 1 96 1
6 24 12 0 0 13 0 22 0 30 0 36 0 0 1 15 1 19 1 27 1 34 1 41 1 96 1
7 24 12 0 0 13 0 22 0 31 0 37 0 0 1 15 1 19 1 27 1 34 1 41 1 96 1
8 24 12 0 0 13 0 22 0 30 0 36 0 0 1 15 1 19 1 27 1 34 1 41 1 96 1
1 25 12 0 0 13 0 27 0 34 0 41 0 0 1 11 1 20 1 27 1 33 1 37 1 62 1
2 25 12 0 0 13 0 28 0 35 0 44 0 0 1 11 1 20 1 27 1 33 1 37 1 62 1
3 25 12 0 0 13 0 27 0 34 0 41 0 0 1 11 1 20 1 27 1 33 1 37 1 62 1
4 25 12 0 0 13 0 28 0 35 0 44 0 0 1 11 1 20 1 27 1 33 1 37 1 62 1
5 25 12 0 0 9 0 15 0 22 0 29 0 0 1 11 1 22 1 27 1 32 1 41 1 53 1
6 25 12 0 0 9 0 16 0 23 0 32 0 0 1 11 1 22 1 27 1 32 1 41 1 53 1
7 25 12 0 0 9 0 15 0 22 0 29 0 0 1 11 1 22 1 27 1 32 1 41 1 53 1
8 25 12 0 0 9 0 16 0 23 0 32 0 0 1 11 1 22 1 27 1 32 1 41 1 53 1
1 26 12 0 0 12 0 24 0 32 0 43 0 0 1 13 1 19 1 25 1 33 1 37 1 58 1
2 26 12 0 0 12 0 24 0 31 0 42 0 0 1 13 1 19 1 25 1 33 1 37 1 58 1
3 26 12 0 0 12 0 24 0 32 0 43 0 0 1 13 1 19 1 25 1 33 1 37 1 58 1
4 26 12 0 0 12 0 24 0 31 0 42 0 0 1 13 1 19 1 25 1 33 1 37 1 58 1
5 26 12 0 0 12 0 24 0 32 0 43 0 0 1 13 1 19 1 29 1 35 1 38 1 58 1
6 26 12 0 0 12 0 24 0 31 0 42 0 0 1 13 1 19 1 29 1 35 1 38 1 58 1
7 26 12 0 0 12 0 24 0 32 0 43 0 0 1 13 1 19 1 29 1 35 1 38 1 58 1
8 26 12 0 0 12 0 24 0 31 0 42 0 0 1 13 1 19 1 29 1 35 1 38 1 58 1
1 27 12 0 0 17 0 35 0 42 0 49 0 0 1 13 1 21 1 31 1 39 1 49 1 103 1
2 27 12 0 0 17 0 35 0 40 0 47 0 0 1 13 1 21 1 31 1 39 1 49 1 103 1
3 27 12 0 0 17 0 35 0 42 0 49 0 0 1 13 1 21 1 31 1 39 1 49 1 103 1
4 27 12 0 0 17 0 35 0 40 0 47 0 0 1 13 1 21 1 31 1 39 1 49 1 103 1
5 27 12 0 0 12 0 30 0 35 0 42 0 0 1 13 1 21 1 29 1 40 1 44 1 65 1
6 27 12 0 0 12 0 30 0 37 0 44 0 0 1 13 1 21 1 29 1 40 1 44 1 65 1
7 27 12 0 0 12 0 30 0 35 0 42 0 0 1 13 1 21 1 29 1 40 1 44 1 65 1
8 27 12 0 0 12 0 30 0 37 0 44 0 0 1 13 1 21 1 29 1 40 1 44 1 65 1
1 28 12 0 0 11 0 23 0 31 0 37 0 0 1 12 1 18 1 29 1 37 1 43 1 76 1
2 28 12 0 0 11 0 23 0 31 0 37 0 0 1 12 1 18 1 29 1 37 1 43 1 76 1
3 28 12 0 0 11 0 23 0 31 0 37 0 0 1 12 1 18 1 29 1 37 1 43 1 76 1
4 28 12 0 0 11 0 23 0 31 0 37 0 0 1 12 1 18 1 29 1 37 1 43 1 76 1
5 28 12 0 0 9 0 20 0 28 0 38 0 0 1 12 1 18 1 27 1 36 1 43 1 81 1
6 28 12 0 0 9 0 20 0 28 0 38 0 0 1 12 1 18 1 27 1 36 1 43 1 81 1
7 28 12 0 0 9 0 20 0 28 0 38 0 0 1 12 1 18 1 27 1 36 1 43 1 81 1
8 28 12 0 0 9 0 20 0 28 0 38 0 0 1 12 1 18 1 27 1 36 1 43 1 81 1
1 29 12 0 0 11 0 23 0 30 0 38 0 0 1 13 1 19 1 27 1 33 1 37 1 81 1
2 29 12 0 0 11 0 23 0 30 0 38 0 0 1 13 1 19 1 27 1 33 1 37 1 81 1
3 29 12 0 0 11 0 23 0 30 0 38 0 0 1 13 1 19 1 27 1 33 1 37 1 81 1
4 29 12 0 0 11 0 23 0 30 0 38 0 0 1 13 1 19 1 27 1 33 1 37 1 81 1
5 29 12 0 0 19 0 32 0 39 0 46 0 0 1 10 1 18 1 24 1 32 1 35 1 65 1
6 29 12 0 0 19 0 32 0 39 0 46 0 0 1 10 1 18 1 24 1 32 1 35 1 65 1
7 29 12 0 0 19 0 32 0 39 0 46 0 0 1 10 1 18 1 24 1 32 1 35 1 65 1
8 29 12 0 0 19 0 32 0 39 0 46 0 0 1 10 1 18 1 24 1 32 1 35 1 65 1
1 30 12 0 0 12 0 23 0 32 0 39 0 0 1 11 1 17 1 23 1 31 1 35 1 76 1
2 30 12 0 0 12 0 23 0 31 0 38 0 0 1 11 1 17 1 23 1 31 1 35 1 76 1
3 30 12 0 0 12 0 23 0 32 0 39 0 0 1 11 1 17 1 23 1 31 1 35 1 76 1
4 30 12 0 0 12 0 23 0 31 0 38 0 0 1 11 1 17 1 23 1 31 1 35 1 76 1
5 30 12 0 0 12 0 23 0 32 0 39 0 0 1 11 1 20 1 29 1 37 1 42 1 59 1
6 30 12 0 0 12 0 23 0 31 0 38 0 0 1 11 1 20 1 29 1 37 1 42 1 59 1
7 30 12 0 0 12 0 23 0 32 0 39 0 0 1 11 1 20 1 29 1 37 1 42 1 59 1
8 30 12 0 0 12 0 23 0 31 0 38 0 0 1 11 1 20 1 29 1 37 1 42 1 59 1
1 31 12 0 0 9 0 21 0 28 0 36 0 0 1 15 1 24 1 34 1 46 1 49 1 63 1
2 31 12 0 0 9 0 21 0 28 0 36 0 0 1 15 1 24 1 34 1 46 1 49 1 63 1
3 31 12 0 0 9 0 21 0 28 0 36 0 0 1 15 1 24 1 34 1 46 1 49 1 63 1
4 31 12 0 0 9 0 21 0 28 0 36 0 0 1 15 1 24 1 34 1 46 1 49 1 63 1
5 31 12 0 0 14 0 24 0 31 0 42 0 0 1 10 1 14 1 18 1 26 1 30 1 71 1
6 31 12 0 0 14 0 24 0 31 0 42 0 0 1 10 1 14 1 18 1 26 1 30 1 71 1
7 31 12 0 0 14 0 24 0 31 0 42 0 0 1 10 1 14 1 18 1 26 1 30 1 71 1
8 31 12 0 0 14 0 24 0 31 0 42 0 0 1 10 1 14 1 18 1 26 1 30 1 71 1
1 32 12 0 0 19 0 28 0 35 0 41 0 0 1 10 1 18 1 23 1 32 1 35 1 63 1
2 32 12 0 0 19 0 28 0 35 0 41 0 0 1 10 1 18 1 23 1 32 1 35 1 63 1
3 32 12 0 0 19 0 28 0 35 0 41 0 0 1 10 1 18 1 23 1 32 1 35 1 63 1
4 32 12 0 0 19 0 28 0 35 0 41 0 0 1 10 1 18 1 23 1 32 1 35 1 63 1
5 32 12 0 0 19 0 28 0 35 0 41 0 0 1 15 1 19 1 25 1 35 1 40 1 69 1
6 32 12 0 0 19 0 28 0 35 0 41 0 0 1 15 1 19 1 25 1 35 1 40 1 69 1
7 32 12 0 0 19 0 28 0 35 0 41 0 0 1 15 1 19 1 25 1 35 1 40 1 69 1
8 32 12 0 0 19 0 28 0 35 0 41 0 0 1 15 1 19 1 25 1 35 1 40 1 69 1
1 33 12 0 0 11 0 32 0 41 0 48 0 0 1 15 1 19 1 27 1 34 1 40 1 64 1
2 33 12 0 0 11 0 32 0 41 0 48 0 0 1 15 1 19 1 27 1 34 1 40 1 64 1
3 33 12 0 0 11 0 32 0 41 0 48 0 0 1 15 1 19 1 27 1 34 1 40 1 64 1
4 33 12 0 0 11 0 32 0 41 0 48 0 0 1 15 1 19 1 27 1 34 1 40 1 64 1
5 33 12 0 0 11 0 32 0 41 0 48 0 0 1 17 1 21 1 27 1 36 1 43 1 63 1
6 33 12 0 0 11 0 32 0 41 0 48 0 0 1 17 1 21 1 27 1 36 1 43 1 63 1
7 33 12 0 0 11 0 32 0 41 0 48 0 0 1 17 1 21 1 27 1 36 1 43 1 63 1
8 33 12 0 0 11 0 32 0 41 0 48 0 0 1 17 1 21 1 27 1 36 1 43 1 63 1
1 34 12 0 0 21 0 36 0 46 0 54 0 0 1 13 1 21 1 31 1 37 1 42 1 64 1
2 34 12 0 0 21 0 36 0 45 0 53 0 0 1 13 1 21 1 31 1 37 1 42 1 64 1
3 34 12 0 0 21 0 36 0 46 0 54 0 0 1 13 1 22 1 32 1 38 1 43 1 65 1
4 34 12 0 0 21 0 36 0 45 0 53 0 0 1 13 1 22 1 32 1 38 1 43 1 65 1
5 34 12 0 0 14 0 23 0 33 0 40 0 0 1 15 1 23 1 33 1 39 1 44 1 87 1
6 34 12 0 0 14 0 23 0 32 0 39 0 0 1 15 1 23 1 33 1 39 1 44 1 87 1
7 34 12 0 0 14 0 23 0 33 0 40 0 0 1 15 1 23 1 33 1 39 1 44 1 87 1
8 34 12 0 0 14 0 23 0 32 0 40 0 0 1 15 1 23 1 33 1 39 1 44 1 87 1
1 35 12 0 0 10 0 26 0 33 0 41 0 0 1 10 1 18 1 26 1 41 1 45 1 53 1
2 35 12 0 0 10 0 26 0 32 0 40 0 0 1 10 1 18 1 26 1 41 1 45 1 53 1
3 35 12 0 0 10 0 26 0 33 0 41 0 0 1 10 1 18 1 26 1 41 1 45 1 53 1
4 35 12 0 0 10 0 26 0 32 0 40 0 0 1 10 1 18 1 26 1 41 1 45 1 53 1
5 35 12 0 0 10 0 26 0 33 0 41 0 0 1 12 1 18 1 23 1 31 1 39 1 82 1
6 35 12 0 0 10 0 26 0 32 0 40 0 0 1 12 1 18 1 23 1 31 1 39 1 82 1
7 35 12 0 0 10 0 26 0 33 0 41 0 0 1 12 1 18 1 23 1 31 1 39 1 82 1
8 35 12 0 0 10 0 26 0 32 0 40 0 0 1 12 1 18 1 23 1 31 1 39 1 82 1
1 36 12 0 0 15 0 30 0 38 0 44 0 0 1 15 1 23 1 33 1 44 1 49 1 90 1
2 36 12 0 0 15 0 30 0 38 0 44 0 0 1 15 1 23 1 33 1 44 1 49 1 90 1
3 36 12 0 0 15 0 30 0 38 0 44 0 0 1 15 1 23 1 33 1 44 1 49 1 90 1
4 36 12 0 0 15 0 30 0 38 0 44 0 0 1 15 1 23 1 33 1 44 1 49 1 90 1
5 36 12 0 0 21 0 34 0 42 0 48 0 0 1 13 1 17 1 22 1 27 1 32 1 72 1
6 36 12 0 0 21 0 34 0 42 0 48 0 0 1 13 1 17 1 22 1 27 1 32 1 72 1
7 36 12 0 0 21 0 34 0 42 0 48 0 0 1 13 1 17 1 22 1 27 1 32 1 72 1
8 36 12 0 0 21 0 34 0 42 0 48 0 0 1 13 1 17 1 22 1 27 1 32 1 72 1
1 37 12 0 0 12 0 26 0 34 0 40 0 0 1 10 1 18 1 28 1 40 1 44 1 64 1
2 37 12 0 0 12 0 26 0 34 0 40 0 0 1 10 1 18 1 28 1 40 1 44 1 64 1
3 37 12 0 0 12 0 26 0 34 0 40 0 0 1 10 1 18 1 28 1 40 1 44 1 64 1
4 37 12 0 0 12 0 26 0 34 0 40 0 0 1 10 1 18 1 28 1 40 1 44 1 64 1
5 37 12 0 0 12 0 26 0 34 0 40 0 0 1 10 1 18 1 26 1 32 1 37 1 53 1
6 37 12 0 0 12 0 26 0 34 0 40 0 0 1 10 1 18 1 26 1 32 1 37 1 53 1
7 37 12 0 0 12 0 26 0 34 0 40 0 0 1 10 1 18 1 26 1 32 1 37 1 53 1
8 37 12 0 0 12 0 26 0 34 0 40 0 0 1 10 1 18 1 26 1 32 1 37 1 53 1
1 38 12 0 0 15 0 36 0 46 0 55 0 0 1 24 1 28 1 37 1 42 1 47 1 69 1
2 38 12 0 0 15 0 36 0 45 0 54 0 0 1 24 1 28 1 37 1 42 1 47 1 69 1
3 38 12 0 0 15 0 36 0 46 0 55 0 0 1 24 1 28 1 37 1 42 1 47 1 69 1
4 38 12 0 0 15 0 36 0 45 0 54 0 0 1 24 1 28 1 37 1 42 1 47 1 69 1
5 38 12 0 0 15 0 36 0 46 0 55 0 0 1 24 1 28 1 37 1 44 1 48 1 87 1
6 38 12 0 0 15 0 36 0 45 0 54 0 0 1 24 1 28 1 37 1 44 1 48 1 87 1
7 38 12 0 0 15 0 36 0 46 0 55 0 0 1 24 1 28 1 37 1 44 1 48 1 87 1
8 38 12 0 0 15 0 36 0 45 0 54 0 0 1 24 1 28 1 37 1 44 1 48 1 87 1
1 39 12 0 0 11 0 23 0 29 0 34 0 0 1 14 1 18 1 23 1 30 1 33 1 80 1
2 39 12 0 0 11 0 23 0 30 0 35 0 0 1 14 1 18 1 23 1 30 1 33 1 80 1
3 39 12 0 0 11 0 23 0 29 0 34 0 0 1 14 1 18 1 23 1 30 1 33 1 80 1
4 39 12 0 0 11 0 23 0 30 0 35 0 0 1 14 1 18 1 23 1 30 1 33 1 80 1
5 39 12 0 0 11 0 23 0 29 0 34 0 0 1 14 1 18 1 26 1 33 1 36 1 83 1
6 39 12 0 0 11 0 23 0 30 0 35 0 0 1 14 1 18 1 26 1 33 1 36 1 83 1
7 39 12 0 0 11 0 23 0 29 0 34 0 0 1 14 1 18 1 26 1 33 1 36 1 83 1
8 39 12 0 0 11 0 23 0 30 0 35 0 0 1 14 1 18 1 26 1 33 1 36 1 83 1
1 40 12 0 0 16 0 28 0 36 0 44 0 0 1 14 1 18 1 27 1 36 1 41 1 67 1
2 40 12 0 0 16 0 28 0 36 0 44 0 0 1 14 1 18 1 27 1 36 1 41 1 67 1
3 40 12 0 0 16 0 28 0 36 0 44 0 0 1 14 1 18 1 27 1 36 1 41 1 67 1
4 40 12 0 0 16 0 28 0 36 0 44 0 0 1 14 1 18 1 27 1 36 1 41 1 67 1
5 40 12 0 0 16 0 28 0 36 0 48 0 0 1 10 1 18 1 26 1 37 1 47 1 67 1
6 40 12 0 0 16 0 28 0 36 0 48 0 0 1 10 1 18 1 26 1 37 1 47 1 67 1
7 40 12 0 0 16 0 28 0 36 0 48 0 0 1 10 1 18 1 26 1 37 1 47 1 67 1
8 40 12 0 0 16 0 28 0 36 0 48 0 0 1 10 1 18 1 26 1 37 1 47 1 67 1
1 41 12 0 0 10 0 18 0 28 0 34 0 0 1 15 1 21 1 30 1 36 1 44 1 71 1
2 41 12 0 0 10 0 18 0 27 0 33 0 0 1 15 1 21 1 30 1 36 1 44 1 71 1
3 41 12 0 0 10 0 18 0 28 0 34 0 0 1 15 1 21 1 30 1 36 1 44 1 71 1
4 41 12 0 0 10 0 18 0 27 0 33 0 0 1 15 1 21 1 30 1 36 1 44 1 71 1
5 41 12 0 0 10 0 18 0 28 0 34 0 0 1 12 1 18 1 26 1 36 1 42 1 72 1
6 41 12 0 0 10 0 18 0 27 0 33 0 0 1 12 1 18 1 26 1 36 1 42 1 72 1
7 41 12 0 0 10 0 18 0 28 0 34 0 0 1 12 1 18 1 26 1 36 1 42 1 72 1
8 41 12 0 0 10 0 18 0 27 0 33 0 0 1 12 1 18 1 26 1 36 1 42 1 72 1
1 42 12 0 0 10 0 25 0 35 0 42 0 0 1 18 1 24 1 34 1 39 1 44 1 75 1
2 42 12 0 0 10 0 25 0 35 0 42 0 0 1 18 1 24 1 34 1 39 1 44 1 75 1
3 42 12 0 0 10 0 25 0 35 0 42 0 0 1 18 1 24 1 34 1 39 1 44 1 75 1
4 42 12 0 0 10 0 25 0 35 0 42 0 0 1 18 1 24 1 34 1 39 1 44 1 75 1
5 42 12 0 0 10 0 25 0 35 0 42 0 0 1 18 1 24 1 34 1 44 1 52 1 75 1
6 42 12 0 0 10 0 25 0 35 0 42 0 0 1 18 1 24 1 34 1 44 1 52 1 75 1
7 42 12 0 0 10 0 25 0 35 0 42 0 0 1 18 1 24 1 34 1 44 1 52 1 75 1
8 42 12 0 0 10 0 25 0 35 0 42 0 0 1 18 1 24 1 34 1 44 1 52 1 75 1
1 43 12 0 0 13 0 24 0 33 0 40 0 0 1 22 1 26 1 36 1 45 1 49 1 65 1
2 43 12 0 0 13 0 24 0 31 0 38 0 0 1 22 1 26 1 36 1 45 1 49 1 65 1
3 43 12 0 0 13 0 24 0 33 0 40 0 0 1 22 1 26 1 36 1 45 1 49 1 65 1
4 43 12 0 0 13 0 24 0 31 0 38 0 0 1 22 1 26 1 36 1 45 1 49 1 65 1
5 43 12 0 0 13 0 24 0 33 0 40 0 0 1 23 1 29 1 36 1 44 1 49 1 60 1
6 43 12 0 0 13 0 24 0 31 0 38 0 0 1 23 1 29 1 36 1 44 1 49 1 60 1
7 43 12 0 0 13 0 24 0 33 0 40 0 0 1 23 1 29 1 36 1 44 1 49 1 60 1
8 43 12 0 0 13 0 24 0 31 0 38 0 0 1 23 1 29 1 36 1 44 1 49 1 60 1
1 44 12 0 0 14 0 24 0 30 0 38 0 0 1 16 1 24 1 30 1 35 1 46 1 57 1
2 44 12 0 0 14 0 24 0 31 0 39 0 0 1 16 1 24 1 30 1 35 1 46 1 57 1
3 44 12 0 0 14 0 24 0 30 0 38 0 0 1 16 1 24 1 30 1 35 1 46 1 57 1
4 44 12 0 0 14 0 24 0 31 0 39 0 0 1 16 1 24 1 30 1 35 1 46 1 57 1
5 44 12 0 0 14 0 24 0 30 0 38 0 0 1 16 1 24 1 31 1 37 1 41 1 66 1
6 44 12 0 0 14 0 24 0 31 0 39 0 0 1 16 1 24 1 31 1 37 1 41 1 66 1
7 44 12 0 0 14 0 24 0 30 0 38 0 0 1 16 1 24 1 31 1 37 1 41 1 66 1
8 44 12 0 0 14 0 24 0 31 0 39 0 0 1 16 1 24 1 31 1 37 1 41 1 66 1
1 45 12 0 0 16 0 28 0 36 0 45 0 0 1 16 1 20 1 26 1 31 1 36 1 53 1
2 45 12 0 0 16 0 28 0 35 0 44 0 0 1 16 1 20 1 26 1 31 1 36 1 53 1
3 45 12 0 0 16 0 28 0 36 0 45 0 0 1 16 1 20 1 26 1 31 1 36 1 53 1
4 45 12 0 0 16 0 28 0 35 0 44 0 0 1 16 1 20 1 26 1 31 1 36 1 53 1
5 45 12 0 0 16 0 28 0 36 0 45 0 0 1 13 1 19 1 28 1 35 1 39 1 81 1
6 45 12 0 0 16 0 28 0 35 0 44 0 0 1 13 1 19 1 28 1 35 1 39 1 81 1
7 45 12 0 0 16 0 28 0 36 0 45 0 0 1 13 1 19 1 28 1 35 1 39 1 81 1
8 45 12 0 0 16 0 28 0 35 0 44 0 0 1 13 1 19 1 28 1 35 1 39 1 81 1
1 46 12 0 0 10 0 22 0 28 0 34 0 0 1 14 1 22 1 30 1 38 1 40 1 67 1
2 46 12 0 0 10 0 22 0 28 0 34 0 0 1 14 1 22 1 30 1 38 1 40 1 67 1
3 46 12 0 0 10 0 22 0 28 0 34 0 0 1 14 1 22 1 30 1 38 1 40 1 67 1
4 46 12 0 0 10 0 22 0 28 0 34 0 0 1 14 1 22 1 30 1 38 1 40 1 67 1
5 46 12 0 0 14 0 25 0 31 0 36 0 0 1 13 1 21 1 29 1 35 1 38 1 50 1
6 46 12 0 0 14 0 25 0 31 0 36 0 0 1 13 1 21 1 29 1 35 1 38 1 50 1
7 46 12 0 0 14 0 25 0 31 0 36 0 0 1 13 1 21 1 29 1 35 1 38 1 50 1
8 46 12 0 0 14 0 25 0 31 0 36 0 0 1 13 1 21 1 29 1 35 1 38 1 50 1
1 47 12 0 0 13 0 23 0 34 0 43 0 0 1 10 1 18 1 28 1 36 1 43 1 60 1
2 47 12 0 0 13 0 23 0 31 0 40 0 0 1 10 1 18 1 28 1 36 1 43 1 60 1
3 47 12 0 0 13 0 23 0 34 0 43 0 0 1 10 1 18 1 28 1 36 1 43 1 60 1
4 47 12 0 0 13 0 23 0 31 0 40 0 0 1 10 1 18 1 28 1 36 1 43 1 60 1
5 47 12 0 0 13 0 23 0 34 0 43 0 0 1 10 1 18 1 31 1 40 1 48 1 71 1
6 47 12 0 0 13 0 23 0 31 0 40 0 0 1 10 1 18 1 31 1 40 1 48 1 71 1
7 47 12 0 0 13 0 23 0 34 0 43 0 0 1 10 1 18 1 31 1 40 1 48 1 71 1
8 47 12 0 0 13 0 23 0 31 0 40 0 0 1 10 1 18 1 31 1 40 1 48 1 71 1
1 48 12 0 0 13 0 26 0 36 0 52 0 0 1 13 1 21 1 29 1 38 1 46 1 82 1
2 48 12 0 0 13 0 26 0 34 0 50 0 0 1 13 1 21 1 29 1 38 1 46 1 82 1
3 48 12 0 0 13 0 26 0 36 0 52 0 0 1 13 1 21 1 29 1 38 1 46 1 82 1
4 48 12 0 0 13 0 26 0 34 0 50 0 0 1 13 1 21 1 29 1 38 1 46 1 82 1
5 48 12 0 0 16 0 30 0 40 0 56 0 0 1 13 1 21 1 34 1 42 1 49 1 83 1
6 48 12 0 0 16 0 30 0 38 0 54 0 0 1 13 1 21 1 34 1 42 1 49 1 83 1
7 48 12 0 0 16 0 30 0 40 0 56 0 0 1 13 1 21 1 34 1 42 1 49 1 83 1
8 48 12 0 0 16 0 30 0 38 0 54 0 0 1 13 1 21 1 34 1 42 1 49 1 83 1
1 49 12 0 0 13 0 25 0 35 0 44 0 0 1 10 1 18 1 30 1 36 1 41 1 64 1
2 49 12 0 0 13 0 25 0 33 0 42 0 0 1 10 1 18 1 30 1 36 1 41 1 64 1
3 49 12 0 0 13 0 25 0 35 0 44 0 0 1 10 1 19 1 31 1 37 1 42 1 65 1
4 49 12 0 0 13 0 25 0 33 0 42 0 0 1 10 1 19 1 31 1 37 1 42 1 65 1
5 49 12 0 0 13 0 25 0 33 0 41 0 0 1 10 1 18 1 29 1 34 1 39 1 72 1
6 49 12 0 0 13 0 25 0 35 0 43 0 0 1 10 1 18 1 29 1 34 1 39 1 72 1
7 49 12 0 0 13 0 25 0 33 0 41 0 0 1 10 1 18 1 29 1 34 1 39 1 72 1
8 49 12 0 0 13 0 25 0 35 0 43 0 0 1 10 1 18 1 29 1 34 1 39 1 72 1
1 50 12 0 0 6 0 20 0 28 0 37 0 0 1 18 1 24 1 32 1 35 1 44 1 55 1
2 50 12 0 0 6 0 20 0 29 0 38 0 0 1 18 1 24 1 32 1 35 1 44 1 55 1
3 50 12 0 0 6 0 20 0 28 0 37 0 0 1 18 1 24 1 32 1 35 1 44 1 55 1
4 50 12 0 0 6 0 20 0 29 0 38 0 0 1 18 1 24 1 32 1 35 1 44 1 55 1
5 50 12 0 0 6 0 20 0 28 0 37 0 0 1 19 1 23 1 30 1 38 1 45 1 69 1
6 50 12 0 0 6 0 20 0 29 0 38 0 0 1 19 1 23 1 30 1 38 1 45 1 69 1
7 50 12 0 0 6 0 20 0 28 0 37 0 0 1 19 1 23 1 30 1 38 1 45 1 69 1
8 50 12 0 0 6 0 20 0 29 0 38 0 0 1 19 1 23 1 30 1 38 1 45 1 69 1
1 51 12 0 0 15 0 27 0 37 0 42 0 0 1 19 1 23 1 32 1 41 1 51 1 76 1
2 51 12 0 0 15 0 27 0 37 0 42 0 0 1 19 1 23 1 32 1 41 1 51 1 76 1
3 51 12 0 0 15 0 27 0 37 0 42 0 0 1 19 1 23 1 32 1 41 1 51 1 76 1
4 51 12 0 0 15 0 27 0 37 0 42 0 0 1 19 1 23 1 32 1 41 1 51 1 76 1
5 51 12 0 0 15 0 33 0 43 0 50 0 0 1 11 1 18 1 26 1 33 1 44 1 76 1
6 51 12 0 0 15 0 33 0 43 0 50 0 0 1 11 1 18 1 26 1 33 1 44 1 76 1
7 51 12 0 0 15 0 34 0 44 0 51 0 0 1 11 1 18 1 26 1 33 1 44 1 76 1
8 51 12 0 0 15 0 33 0 43 0 50 0 0 1 11 1 18 1 26 1 33 1 44 1 76 1
1 52 12 0 0 13 0 22 0 29 0 40 0 0 1 17 1 23 1 34 1 41 1 51 1 68 1
2 52 12 0 0 13 0 22 0 31 0 42 0 0 1 17 1 23 1 34 1 41 1 51 1 72 1
3 52 12 0 0 13 0 22 0 29 0 40 0 0 1 17 1 23 1 34 1 41 1 51 1 72 1
4 52 12 0 0 13 0 22 0 31 0 42 0 0 1 17 1 23 1 34 1 41 1 51 1 72 1
5 52 12 0 0 13 0 28 0 35 0 46 0 0 1 17 1 23 1 32 1 43 1 50 1 55 1
6 52 12 0 0 13 0 28 0 37 0 48 0 0 1 17 1 23 1 32 1 43 1 50 1 55 1
7 52 12 0 0 13 0 28 0 35 0 46 0 0 1 17 1 23 1 32 1 43 1 50 1 55 1
8 52 12 0 0 13 0 28 0 37 0 48 0 0 1 17 1 23 1 32 1 43 1 50 1 55 1
1 53 12 0 0 9 0 25 0 31 0 39 0 0 1 10 1 18 1 27 1 35 1 38 1 70 1
2 53 12 0 0 9 0 25 0 30 0 38 0 0 1 10 1 18 1 27 1 35 1 38 1 70 1
3 53 12 0 0 9 0 25 0 31 0 39 0 0 1 10 1 18 1 27 1 35 1 38 1 70 1
4 53 12 0 0 9 0 25 0 30 0 38 0 0 1 10 1 18 1 27 1 35 1 38 1 70 1
5 53 12 0 0 9 0 25 0 31 0 39 0 0 1 19 1 23 1 31 1 39 1 44 1 95 1
6 53 12 0 0 9 0 25 0 30 0 38 0 0 1 19 1 23 1 31 1 39 1 44 1 95 1
7 53 12 0 0 9 0 25 0 31 0 39 0 0 1 19 1 23 1 31 1 39 1 44 1 95 1
8 53 12 0 0 9 0 25 0 30 0 38 0 0 1 19 1 23 1 31 1 39 1 44 1 95 1
1 54 12 0 0 10 0 23 0 30 0 37 0 0 1 10 1 20 1 31 1 37 1 48 1 66 1
2 54 12 0 0 10 0 23 0 28 0 35 0 0 1 10 1 20 1 31 1 37 1 48 1 66 1
3 54 12 0 0 10 0 23 0 30 0 37 0 0 1 10 1 20 1 31 1 37 1 48 1 66 1
4 54 12 0 0 10 0 23 0 28 0 35 0 0 1 10 1 20 1 31 1 37 1 48 1 66 1
5 54 12 0 0 10 0 23 0 30 0 37 0 0 1 10 1 21 1 26 1 33 1 36 1 68 1
6 54 12 0 0 10 0 23 0 28 0 35 0 0 1 10 1 21 1 26 1 33 1 36 1 68 1
7 54 12 0 0 10 0 23 0 30 0 37 0 0 1 10 1 21 1 26 1 33 1 36 1 68 1
8 54 12 0 0 10 0 23 0 28 0 35 0 0 1 10 1 21 1 26 1 33 1 36 1 68 1
1 55 12 0 0 10 0 21 0 31 0 38 0 0 1 10 1 18 1 25 1 36 1 41 1 55 1
2 55 12 0 0 10 0 21 0 29 0 36 0 0 1 10 1 18 1 25 1 36 1 41 1 55 1
3 55 12 0 0 10 0 21 0 31 0 38 0 0 1 10 1 18 1 25 1 36 1 41 1 55 1
4 55 12 0 0 10 0 21 0 29 0 36 0 0 1 10 1 18 1 25 1 36 1 41 1 55 1
5 55 12 0 0 10 0 21 0 29 0 36 0 0 1 10 1 18 1 27 1 35 1 42 1 75 1
6 55 12 0 0 10 0 21 0 31 0 38 0 0 1 10 1 18 1 27 1 35 1 42 1 75 1
7 55 12 0 0 10 0 21 0 29 0 36 0 0 1 10 1 18 1 27 1 35 1 42 1 75 1
8 55 12 0 0 10 0 21 0 31 0 38 0 0 1 10 1 18 1 27 1 35 1 42 1 75 1
1 56 12 0 0 14 0 26 0 34 0 40 0 0 1 11 1 17 1 25 1 31 1 40 1 52 1
2 56 12 0 0 14 0 26 0 34 0 40 0 0 1 11 1 17 1 25 1 31 1 40 1 52 1
3 56 12 0 0 14 0 26 0 34 0 40 0 0 1 11 1 17 1 25 1 31 1 40 1 52 1
4 56 12 0 0 14 0 26 0 34 0 40 0 0 1 11 1 17 1 25 1 31 1 40 1 52 1
5 56 12 0 0 14 0 25 0 33 0 40 0 0 1 12 1 20 1 36 1 42 1 45 1 66 1
6 56 12 0 0 14 0 25 0 33 0 40 0 0 1 12 1 20 1 36 1 42 1 45 1 66 1
7 56 12 0 0 14 0 25 0 33 0 40 0 0 1 12 1 21 1 37 1 43 1 46 1 67 1
8 56 12 0 0 14 0 25 0 33 0 40 0 0 1 12 1 21 1 37 1 43 1 46 1 67 1
1 57 12 0 0 11 0 25 0 35 0 42 0 0 1 14 1 22 1 32 1 38 1 49 1 55 1
2 57 12 0 0 11 0 25 0 37 0 44 0 0 1 14 1 22 1 32 1 38 1 49 1 55 1
3 57 12 0 0 11 0 25 0 35 0 42 0 0 1 14 1 22 1 32 1 38 1 49 1 55 1
4 57 12 0 0 11 0 25 0 37 0 44 0 0 1 14 1 22 1 32 1 38 1 49 1 55 1
5 57 12 0 0 11 0 25 0 35 0 42 0 0 1 15 1 23 1 29 1 43 1 50 1 73 1
6 57 12 0 0 11 0 25 0 37 0 44 0 0 1 15 1 23 1 29 1 43 1 50 1 73 1
7 57 12 0 0 11 0 25 0 35 0 42 0 0 1 15 1 21 1 27 1 41 1 48 1 71 1
8 57 12 0 0 11 0 25 0 37 0 44 0 0 1 15 1 21 1 27 1 41 1 48 1 71 1
1 58 12 0 0 13 0 24 0 31 0 39 0 0 1 13 1 19 1 29 1 42 1 47 1 62 1
2 58 12 0 0 13 0 24 0 33 0 41 0 0 1 13 1 19 1 29 1 42 1 47 1 62 1
3 58 12 0 0 13 0 24 0 31 0 39 0 0 1 13 1 20 1 30 1 43 1 48 1 63 1
4 58 12 0 0 13 0 24 0 33 0 41 0 0 1 13 1 20 1 30 1 43 1 48 1 63 1
5 58 12 0 0 15 0 27 0 34 0 42 0 0 1 9 1 13 1 23 1 30 1 34 1 53 1
6 58 12 0 0 15 0 27 0 36 0 44 0 0 1 9 1 13 1 23 1 30 1 34 1 53 1
7 58 12 0 0 15 0 27 0 34 0 42 0 0 1 9 1 13 1 23 1 30 1 34 1 53 1
8 58 12 0 0 15 0 27 0 36 0 44 0 0 1 9 1 13 1 23 1 30 1 34 1 53 1
1 59 12 0 0 17 0 26 0 33 0 45 0 0 1 12 1 16 1 22 1 31 1 34 1 53 1
2 59 12 0 0 17 0 26 0 34 0 46 0 0 1 12 1 16 1 22 1 31 1 34 1 53 1
3 59 12 0 0 17 0 26 0 33 0 45 0 0 1 12 1 16 1 22 1 31 1 34 1 53 1
4 59 12 0 0 17 0 26 0 34 0 46 0 0 1 12 1 16 1 22 1 31 1 34 1 53 1
5 59 12 0 0 14 0 26 0 34 0 41 0 0 1 12 1 20 1 31 1 37 1 42 1 87 1
6 59 12 0 0 14 0 26 0 33 0 40 0 0 1 12 1 20 1 31 1 37 1 42 1 87 1
7 59 12 0 0 14 0 26 0 34 0 41 0 0 1 12 1 20 1 31 1 37 1 42 1 87 1
8 59 12 0 0 14 0 26 0 33 0 40 0 0 1 12 1 20 1 31 1 37 1 42 1 87 1
1 60 12 0 0 10 0 23 0 31 0 38 0 0 1 9 1 13 1 20 1 26 1 33 1 62 1
2 60 12 0 0 10 0 23 0 33 0 40 0 0 1 9 1 13 1 20 1 26 1 33 1 62 1
3 60 12 0 0 10 0 23 0 31 0 38 0 0 1 9 1 13 1 20 1 26 1 33 1 62 1
4 60 12 0 0 10 0 23 0 33 0 40 0 0 1 9 1 13 1 20 1 26 1 33 1 62 1
5 60 12 0 0 10 0 23 0 31 0 38 0 0 1 9 1 13 1 23 1 29 1 32 1 85 1
6 60 12 0 0 10 0 23 0 33 0 40 0 0 1 9 1 13 1 23 1 29 1 32 1 85 1
7 60 12 0 0 10 0 23 0 31 0 38 0 0 1 9 1 13 1 23 1 29 1 32 1 85 1
8 60 12 0 0 10 0 23 0 33 0 40 0 0 1 9 1 13 1 23 1 29 1 32 1 85 1
1 61 12 0 0 12 0 22 0 31 0 39 0 0 1 13 1 17 1 27 1 37 1 40 1 65 1
2 61 12 0 0 12 0 22 0 31 0 39 0 0 1 13 1 17 1 27 1 37 1 40 1 65 1
3 61 12 0 0 12 0 22 0 31 0 39 0 0 1 13 1 17 1 27 1 37 1 40 1 65 1
4 61 12 0 0 12 0 22 0 31 0 39 0 0 1 13 1 17 1 27 1 37 1 40 1 65 1
5 61 12 0 0 12 0 22 0 31 0 39 0 0 1 17 1 24 1 31 1 41 1 44 1 69 1
6 61 12 0 0 12 0 22 0 31 0 39 0 0 1 17 1 24 1 31 1 41 1 44 1 69 1
7 61 12 0 0 12 0 22 0 31 0 39 0 0 1 17 1 25 1 32 1 42 1 45 1 70 1
8 61 12 0 0 12 0 22 0 31 0 39 0 0 1 17 1 25 1 32 1 42 1 45 1 70 1
1 62 12 0 0 14 0 24 0 29 0 44 0 0 1 12 1 18 1 26 1 36 1 42 1 53 1
2 62 12 0 0 14 0 24 0 29 0 44 0 0 1 12 1 18 1 26 1 36 1 42 1 53 1
3 62 12 0 0 14 0 24 0 29 0 44 0 0 1 12 1 18 1 26 1 36 1 42 1 53 1
4 62 12 0 0 14 0 24 0 29 0 44 0 0 1 12 1 18 1 26 1 36 1 42 1 53 1
5 62 12 0 0 17 0 35 0 40 0 47 0 0 1 20 1 24 1 33 1 38 1 42 1 70 1
6 62 12 0 0 17 0 35 0 40 0 47 0 0 1 20 1 24 1 33 1 38 1 42 1 70 1
7 62 12 0 0 17 0 35 0 40 0 47 0 0 1 20 1 22 1 31 1 36 1 40 1 68 1
8 62 12 0 0 17 0 35 0 40 0 47 0 0 1 20 1 22 1 31 1 36 1 40 1 68 1
1 63 12 0 0 8 0 18 0 30 0 37 0 0 1 12 1 16 1 24 1 33 1 37 1 80 1
2 63 12 0 0 8 0 18 0 29 0 36 0 0 1 12 1 16 1 24 1 33 1 37 1 80 1
3 63 12 0 0 8 0 18 0 30 0 37 0 0 1 12 1 16 1 24 1 33 1 37 1 80 1
4 63 12 0 0 8 0 18 0 29 0 36 0 0 1 12 1 16 1 24 1 33 1 37 1 80 1
5 63 12 0 0 8 0 18 0 30 0 37 0 0 1 13 1 21 1 28 1 39 1 42 1 63 1
6 63 12 0 0 8 0 18 0 29 0 36 0 0 1 13 1 21 1 28 1 39 1 42 1 63 1
7 63 12 0 0 8 0 18 0 30 0 37 0 0 1 13 1 21 1 28 1 39 1 42 1 63 1
8 63 12 0 0 8 0 18 0 29 0 36 0 0 1 13 1 21 1 28 1 39 1 42 1 63 1
1 64 12 0 0 13 0 25 0 33 0 40 0 0 1 14 1 22 1 30 1 36 1 40 1 67 1
2 64 12 0 0 13 0 25 0 33 0 40 0 0 1 14 1 22 1 30 1 36 1 40 1 67 1
3 64 12 0 0 13 0 25 0 33 0 40 0 0 1 14 1 22 1 30 1 36 1 40 1 67 1
4 64 12 0 0 13 0 25 0 33 0 40 0 0 1 14 1 22 1 30 1 36 1 40 1 67 1
5 64 12 0 0 13 0 25 0 33 0 40 0 0 1 17 1 21 1 28 1 38 1 43 1 76 1
6 64 12 0 0 13 0 25 0 33 0 40 0 0 1 17 1 21 1 28 1 38 1 43 1 76 1
7 64 12 0 0 13 0 25 0 33 0 40 0 0 1 17 1 22 1 29 1 39 1 44 1 77 1
8 64 12 0 0 13 0 25 0 33 0 40 0 0 1 17 1 22 1 29 1 39 1 44 1 77 1
1 65 12 0 0 12 0 25 0 32 0 40 0 0 1 22 1 26 1 32 1 41 1 48 1 70 1
2 65 12 0 0 12 0 25 0 32 0 40 0 0 1 22 1 26 1 32 1 41 1 48 1 70 1
3 65 12 0 0 12 0 25 0 32 0 40 0 0 1 22 1 24 1 30 1 39 1 46 1 68 1
4 65 12 0 0 12 0 25 0 32 0 40 0 0 1 22 1 24 1 30 1 39 1 46 1 68 1
5 65 12 0 0 12 0 25 0 32 0 40 0 0 1 15 1 23 1 33 1 38 1 41 1 73 1
6 65 12 0 0 12 0 25 0 32 0 40 0 0 1 15 1 23 1 33 1 38 1 41 1 73 1
7 65 12 0 0 12 0 25 0 32 0 40 0 0 1 15 1 23 1 33 1 38 1 41 1 73 1
8 65 12 0 0 12 0 25 0 32 0 40 0 0 1 15 1 23 1 33 1 38 1 41 1 73 1
